0 0.399684 0.766059 0.453663 0.756541 0.468605 0.841279 0.414625 0.850797
0 0.440896 0.842698 0.495633 0.839829 0.500136 0.925757 0.445399 0.928625
0 0.591907 0.585022 0.646310 0.591702 0.635824 0.677106 0.581420 0.670426
0 0.382984 0.460235 0.424972 0.425003 0.480281 0.490917 0.438293 0.526150
0 0.281043 0.649530 0.313261 0.605186 0.382873 0.655762 0.350655 0.700106
0 0.215536 0.634456 0.264800 0.610428 0.302520 0.687765 0.253255 0.711793
0 0.712575 0.285280 0.758016 0.254630 0.806132 0.325965 0.760691 0.356615
0 0.824970 0.218909 0.870411 0.249559 0.822295 0.320894 0.776854 0.290244
0 0.735388 0.639421 0.716641 0.690928 0.635785 0.661498 0.654531 0.609992
0 0.439234 0.841405 0.447808 0.895542 0.362822 0.909003 0.354248 0.854866
0 0.657869 0.435785 0.683602 0.484181 0.607628 0.524577 0.581896 0.476180