0 0.437868 0.281410 0.499037 0.273900 0.509806 0.361613 0.448638 0.369124
0 0.732913 0.262146 0.794456 0.265371 0.789831 0.353622 0.728288 0.350397
0 0.656958 0.434620 0.688699 0.487446 0.612949 0.532961 0.581208 0.480135
0 0.589829 0.581599 0.651222 0.586970 0.643520 0.675006 0.582127 0.669635
0 0.487390 0.538088 0.532461 0.580118 0.472192 0.644749 0.427120 0.602719
0 0.388223 0.654225 0.346986 0.700024 0.281312 0.640891 0.322549 0.595093
0 0.303089 0.688043 0.247698 0.715059 0.208958 0.635631 0.264349 0.608615
0 0.321403 0.414870 0.313892 0.476039 0.226179 0.465269 0.233689 0.404101
0 0.806167 0.190672 0.790217 0.250200 0.704856 0.227328 0.720806 0.167800
0 0.395195 0.771458 0.454723 0.755507 0.477596 0.840868 0.418068 0.856818
0 0.433893 0.855504 0.493421 0.839554 0.516293 0.924915 0.456765 0.940865
0 0.444658 0.844359 0.450029 0.905753 0.361993 0.913455 0.356622 0.852061
0 0.825581 0.321512 0.875908 0.254725 0.828825 0.219245 0.778498 0.286031
0 0.825581 0.321512 0.875908 0.254725 0.828825 0.219245 0.778498 0.286031
0 0.825581 0.321512 0.875908 0.254725 0.828825 0.219245 0.778498 0.286031
0 0.825581 0.321512 0.875908 0.254725 0.828825 0.219245 0.778498 0.286031
0 0.825581 0.321512 0.875908 0.254725 0.828825 0.219245 0.778498 0.286031
0 0.825581 0.321512 0.875908 0.254725 0.828825 0.219245 0.778498 0.286031
0 0.825581 0.321512 0.875908 0.254725 0.828825 0.219245 0.778498 0.286031
0 0.736592 0.640325 0.717548 0.698937 0.633501 0.671628 0.652545 0.613017
0 0.825581 0.321512 0.875908 0.254725 0.828825 0.219245 0.778498 0.286031
0 0.614765 0.397183 0.603006 0.457679 0.516258 0.440817 0.528017 0.380321