0 0.596930 0.584963 0.646011 0.594503 0.629814 0.677828 0.580733 0.668287
0 0.665558 0.434643 0.685894 0.480320 0.608349 0.514845 0.588013 0.469168
0 0.615652 0.398630 0.604405 0.447348 0.521697 0.428254 0.532944 0.379535
0 0.378571 0.650190 0.349892 0.691148 0.280359 0.642461 0.309038 0.601503
0 0.300617 0.683746 0.258684 0.710978 0.212453 0.639789 0.254386 0.612557
0 0.468045 0.837945 0.419138 0.848340 0.401490 0.765311 0.450397 0.754916
0 0.508578 0.927596 0.458852 0.932823 0.449980 0.848404 0.499706 0.843177
0 0.731675 0.646475 0.713757 0.693154 0.634511 0.662734 0.652429 0.616055
0 0.438776 0.840060 0.444870 0.889688 0.360619 0.900033 0.354525 0.850405
0 0.801847 0.319921 0.761396 0.349310 0.711502 0.280638 0.751953 0.251248
0 0.814302 0.319968 0.776567 0.287165 0.832256 0.223102 0.869991 0.255905